16
*
16
*
1
*
00-1-0
#
01-1-73
#
02-1-74
#
03-1-52
#
04-1-22
#
05-1-72
#
06-1-32
#
07-1-54
#
08-1-31
#
09-1-53
#
10-1-30
#
11-1-23
#
12-1-10
#
13-1-8
#
14-1-9
#
15-1-7
#
16-1-5
#
17-1-6
#
18-1-3
#
19-1-1
#
20-1-242
#
21-1-243
#
22-1-264
#
23-1-265
#
24-1-202
#
25-1-203
#
26-1-204
#
27-1-205
#
28-1-225
#
29-1-226
#
30-1-19
#
31-1-20
#
32-1-41
#
33-1-42
#
34-1-43
#
35-1-63
#
36-1-64
#
37-1-65
#
38-1-129
#
39-1-151
#
40-1-173
#
41-1-130
#
42-1-152
#
43-1-174
#
44-1-131
#
45-1-153
#
46-1-175
#
47-1-21
*
1111111001111110
1111111001111110
1111111001111110
0110011110000000
1000111110000000
1101111111000000
1101111111000000
1101111111100000
1000011111110000
1000000000000000
1000011111110000
1100111111111100
1111111111111100
1111111111111100
1111111111111100
1111111111111100
*
12 00 00 00 13 01 02 00 00 01 24 25 26 27 02 00
14 19 19 19 15 01 02 00 00 01 08 28 29 06 02 00
16 20 21 18 17 01 02 00 00 01 09 10 10 07 02 00
00 22 23 00 00 01 11 05 03 00 00 00 00 00 00 00
08 00 00 00 06 01 11 11 02 00 00 00 00 00 00 00
09 30 31 47 07 11 11 11 11 03 00 00 00 00 00 00
11 32 33 34 11 11 11 11 11 02 00 00 00 00 00 00
11 35 36 37 04 11 11 11 11 11 03 00 00 00 00 00
02 00 00 00 00 38 41 41 41 41 41 44 00 00 00 00
02 00 00 00 00 39 42 42 42 42 42 45 00 00 00 00
02 00 00 00 00 40 43 43 43 43 43 46 00 00 00 00
11 08 00 00 06 11 11 11 11 11 11 11 05 03 00 00
11 09 10 10 07 11 11 11 11 11 11 11 11 02 00 00
11 11 11 11 11 11 11 11 11 11 11 11 11 02 00 00
11 11 11 11 11 11 11 11 11 11 11 11 11 02 00 00
11 11 11 11 11 11 11 11 11 11 11 11 11 02 00 00
*
15-6
*
3-3-04.txt