16
*
16
*
1
*
00-1-158
#
01-1-162
#
02-1-163
#
03-1-184
#
04-1-185
#
05-1-114
#
06-1-113
#
07-1-91
#
08-1-92
#
09-1-93
#
10-1-94
#
11-1-115
#
12-1-116
#
13-1-95
#
14-1-117
#
15-1-96
#
16-1-118
#
17-1-250
#
18-1-251
#
19-1-272
#
20-1-273
#
21-1-160
#
22-1-161
#
23-1-182
#
24-1-183
#
25-1-252
#
26-1-274
#
27-1-275
#
28-1-296
#
29-1-297
#
30-1-140
#
31-1-138
#
32-1-139
#
33-1-137
#
34-1-159
#
35-1-181
*
1111111111111111
1111111111111111
1111111111111111
0000000000000000
0000010000100000
0000010000100100
0011010000100110
0011010000100110
0000000000000000
0110010000100000
0000010000100100
0110010000101110
0000010000101110
0000000000001110
0000000000000000
0000000000000000
*
08 08 08 07 08 07 08 08 08 08 07 08 07 08 08 08
05 05 05 06 05 06 05 09 10 05 06 05 06 05 05 05
05 05 05 05 05 05 05 11 12 05 05 05 05 05 05 05
00 00 00 00 00 00 00 01 02 00 00 00 00 00 00 00
00 00 00 00 00 13 00 01 02 00 13 00 00 00 00 00
00 00 00 00 00 14 00 01 02 00 14 00 00 25 00 00
00 00 00 00 00 15 00 01 02 00 15 00 00 26 27 00
00 00 17 18 00 16 00 01 02 00 16 00 00 28 29 00
00 00 19 20 00 00 00 01 02 00 00 00 00 00 00 00
00 00 00 00 00 13 00 01 02 00 13 00 00 00 00 00
00 21 22 00 00 14 00 01 02 00 14 00 00 30 00 00
00 00 00 00 00 15 00 01 02 00 15 00 31 33 32 00
00 23 24 00 00 16 00 01 02 00 16 00 31 34 32 00
00 00 00 00 00 00 00 01 02 00 00 00 31 35 32 00
00 00 00 00 00 00 00 01 02 00 00 00 00 00 00 00
00 00 00 00 00 00 00 03 04 00 00 00 00 00 00 00
*
8-15
*
8-3-06.txt